1
1
1
2
2
3
4
6
8
10
13
17
23
30
39
50
66
85
111
145
188
245
319
414
539
700
911
1184
1539
2001
2602
3382
4397
5716
7431
9661
12560
16328
21226
27594
35872
46634
60624





1
1
1
2
2
3
4
6
8
10
13
17
23
30
39
50
66
85
111
145
188
245
319
414
539
700
911
1184
1539
2001
2602
3382
4397
5716
7431
9661
12560
16328
21226
27594
35872
46634
60624





1
1
1
2
2
3
4
6
8
10
13
17
23
30
39
50
66
85
111
145
188
245
319
414
539
700
911
1184
1539
2001
2602
3382
4397
5716
7431
9661
12560
16328
21226
27594
35872
46634
60624





